# oST version 5.0 parameters


[image]

width
1280

height
800

[narrow_stereo/left]

camera matrix
709.940961 0.000000 615.211188
0.000000 710.235713 418.826969
0.000000 0.000000 1.000000

distortion
-0.317942 0.090763 0.000653 -0.000489 0.000000

rectification
0.999959 -0.008897 -0.001636
0.008884 0.999932 -0.007506
0.001702 0.007491 0.999970

projection
633.516430 0.000000 640.887329 0.000000
0.000000 633.516430 432.816532 0.000000
0.000000 0.000000 1.000000 0.000000
# oST version 5.0 parameters


[image]

width
1280

height
800

[narrow_stereo/right]

camera matrix
707.767690 0.000000 643.561976
0.000000 708.284635 433.939167
0.000000 0.000000 1.000000

distortion
-0.305219 0.081635 -0.001242 0.000626 0.000000

rectification
0.999931 0.001478 -0.011673
-0.001391 0.999971 0.007507
0.011684 -0.007490 0.999904

projection
633.516430 0.000000 640.887329 -43.943175
0.000000 633.516430 432.816532 0.000000
0.000000 0.000000 1.000000 0.000000
